05 John Smith           00001 01000.00   
00                      00000 00000.00   
04 Andrew               65432 00100.00   
00                      00000 00000.00   
01 Bob                  67890 00050.00   
00                      00000 00000.00   
03 Billy                00002 00200.00 EC
00                      00000 00000.00   
04 Billy                00002 00100.00 TF
   Andrew               65432 00100.00
00                      00000 00000.00   
05 Alice Green          00001 01200.00   
00                      00000 00000.00   
05 Alice Green          00001 01200.00   
00                      00000 00000.00   
05 Alice Green          00001 01200.00   
00                      00000 00000.00   
05 Alice Green          00001 01200.00   
00                      00000 00000.00   
00                      00000 00000.00   
00                      00000 00000.00   
00                      00000 00000.00   
05 Bob Brown            00001 00800.00   
00                      00000 00000.00   
